0100000000000000000000000000000000
0100000000000000000000000000000000
0000010000100001010100001110001010
0010011010100001011100001110001010
0011111000000000000000000000000000
0000010000000000000000101010111000
0100000000000000000000000000000000
0000101010000101000000000000001000
0100000000000000000000000000000000
0000000000000100000000000000000000
0100000000000000000000000000000000
0011111111111111111111111111111111
0011111110101001011101001110001110
0011111111111111111111111111111111
0011111111111111111111111111111111
0011111101001110000011111111111111
0011111111111111111111111111111111
0000101110001111101110111111011011
0011111000000000000000000000000111
0010001100111111110000010010000000
0000010000010110111001110101101111
0000001000101000001111111110000111
0000001000100100011000100011010100
0011111111111111111111111000101100
0100000000000000000000000000000000
1011111111111111111111111111111101
1000000000000000000000000000001011
1010011000000000000000000000010000
0010001110100000000000011110111101
0000000000000000000000000010000110
0011110000001110101010010011100111
0000001000101000001111111110001101
0011110111010011111000100111000000
0011111111111111111111111100110000
1000000000000000000000000000000001
0000000000000000000000000000000001
0011111111111111111111111111110111
0010100111111111111111111111110010
1010001010101010101010101010101010
0100000000000000000000000000000000
0011111111111111111111111111111111
0011111111111111111111111111111111
0011101111011110101011110001110101
0001100101011110100011110001110101
0000000111111111111111111111111111
0011101111111111111111010101000111
0011111111111111111111111111111111
0011010101111010111111111111110111
0011111111111111111111111111111111
0011111111111011111111111111111111
0011111111111111111111111111111111
0100000000000000000000000000000000
0000000001010110100010110001110001
0100000000000000000000000000000000
0100000000000000000000000000000000
0000000010110001111100000000000000
0100000000000000000000000000000000
0011010001110000010001000000100100
0000000111111111111111111111111000
0001110011000000001111101101111111
0000000000000000000000000000000001
0100000000000000000000000000000000
1000000000000000000000000000000001
0000000000000000000000000000000001
0100000000000000000000000000000000
0000000000000000000000000000000001
0000000000000000000000000000000001
0000000000000000000000000000000001
1100000000000000000000000000000000
0100000000000000000000000000000000