00000000000000000000000000000110
00000000000000000000000000000001
00000000000000000000000000000010
00010000000000000000000000000000
00010101011111111110000000000000
00000001010101111111111000000000
01011100000000000100000000000000
00000000000001011100000000000100
01010101010101010101000000000000
00000000000001010101010101010101
00011111100000000000000000000000
00000000000000001000000000000000
10000000000000000000000000000000
00000000000000000000000000000001
00010000000000000000000000000000
00000000000000000001000000000000
00000000000000000000000000000000
00000000000000000000000000000000
11111111111111111111111111110000
00011111111111111111111111111111
11111111111111111111111100000000
00000001111111111111111111111111
00000000000001000000000000000000
00000000000000000000000000010000
01111111111111110000000000011110
01011111111111111100000000000111
11111111111111100000000000111100
00101111111111111110000000000011
00000000000000000010000000000000
00000000000000000000001000000000